L, numx, numfour, numts, dt, num a0, model, opt success, val obj, num opt itr, opt time, l2 err, l-inf err, tot time
15.0, 1025, 32, 100, 0.002, 4, fourier, False, 3.243380530306382e-15, 609, 8897478793, 0.03587218964942424, 0.0030523380299092295, 21593958368
15.0, 1025, 32, 105, 0.0019, 4, fourier, False, 3.3185849223169222e-15, 607, 9614981877, 0.03587218877452165, 0.003052340652226926, 22579021701
15.0, 1025, 32, 111, 0.0018, 4, fourier, False, 2.622001914104586e-14, 560, 8590788966, 0.035874022353243606, 0.003052559211653705, 22192115583
15.0, 1025, 32, 117, 0.0017, 4, fourier, False, 2.6816731657685985e-14, 555, 9289038556, 0.03587398057047758, 0.0030525527398003183, 23438283175
15.0, 1025, 32, 125, 0.0016, 4, fourier, False, 4.0123471028081495e-15, 590, 9862969746, 0.03587219015298162, 0.0030523390338935696, 24512862593
15.0, 1025, 32, 133, 0.0015, 4, fourier, False, 5.031547443166195e-16, 646, 11736313748, 0.035872473141004446, 0.0030524751841537467, 27371906185
15.0, 1025, 32, 142, 0.0014, 4, fourier, False, 2.1888920417981867e-15, 612, 11547179204, 0.035871904321265545, 0.0030524930549739038, 27558480763
15.0, 1025, 32, 153, 0.0013, 4, fourier, False, 3.480987165012511e-14, 540, 10693484516, 0.03587397056639694, 0.003052551402436987, 27601571645
15.0, 1025, 32, 166, 0.0012, 4, fourier, False, 2.6001814599485782e-15, 611, 12449946319, 0.035871896789543396, 0.0030524925193174957, 30601308006
15.0, 1025, 32, 181, 0.0011, 4, fourier, False, 4.1281161454501846e-14, 532, 11592443853, 0.0358739783196768, 0.003052552579829171, 30828859368
15.0, 1025, 32, 200, 0.001, 4, fourier, False, 7.586396582855003e-16, 615, 15002692825, 0.03587247368413492, 0.0030524754188577807, 36145577089
15.0, 1025, 32, 66, 0.003, 4, fourier, False, 1.505949090027152e-14, 583, 6583471541, 0.03587396128260296, 0.0030525505519137797, 16691686109
15.0, 1025, 32, 68, 0.0029, 4, fourier, False, 1.981237569114066e-15, 623, 7476202216, 0.03587219146786445, 0.003052349440803681, 17788203960
15.0, 1025, 32, 71, 0.0028, 4, fourier, False, 7.889640472869038e-18, 729, 8683134704, 0.03587241863947805, 0.0030524454004862145, 19238587699
15.0, 1025, 32, 74, 0.0027, 4, fourier, False, 1.2665108005161243e-15, 652, 7865768541, 0.03587186088429781, 0.0030524895502316296, 18534432867
15.0, 1025, 32, 76, 0.0026, 4, fourier, False, 2.8000461921176266e-16, 675, 8217811991, 0.03587247427693239, 0.0030524741646967835, 18678956133
15.0, 1025, 32, 80, 0.0025, 4, fourier, False, 1.925438816132136e-14, 571, 7246236712, 0.0358740491393522, 0.0030525632246890533, 18315135637
15.0, 1025, 32, 83, 0.0024, 4, fourier, False, 2.618904184403861e-15, 624, 8230499717, 0.03587218873115349, 0.0030523410311961152, 19419820506
15.0, 1025, 32, 86, 0.0023, 4, fourier, False, 2.536074898401258e-15, 607, 8177568764, 0.03587218858963618, 0.003052348015831985, 19834789954
15.0, 1025, 32, 90, 0.0022, 4, fourier, False, 2.0229130517426882e-14, 565, 7709978140, 0.03587394994910442, 0.0030525480791218085, 19802581085
15.0, 1025, 32, 95, 0.0021, 4, fourier, False, 2.2349333597178905e-14, 558, 7768422945, 0.03587402236297276, 0.003052558840189068, 20107985347
15.0, 1025, 32, 100, 0.002, 4, cheby, False, 1.923780512096728e-07, 49, 1215318584, 0.009940118837738396, 0.0006511419988491918, 23415193969
15.0, 1025, 32, 105, 0.0019, 4, cheby, False, 2.0086048287103613e-07, 48, 1019907036, 0.009940450743395734, 0.0006511641157178616, 23667984069
15.0, 1025, 32, 111, 0.0018, 4, cheby, False, 2.1280712413098113e-07, 53, 2148803417, 0.009940299062641484, 0.0006511540036733265, 25166275728
15.0, 1025, 32, 117, 0.0017, 4, cheby, False, 2.221689670208431e-07, 43, 1829410161, 0.00994087055633106, 0.0006511923122600738, 25780870194
15.0, 1025, 32, 125, 0.0016, 4, cheby, False, 2.3976386747740283e-07, 51, 1302170284, 0.009940238306834508, 0.0006511499522326991, 25756688206
15.0, 1025, 32, 133, 0.0015, 4, cheby, False, 2.5367127242811367e-07, 44, 1303520431, 0.009940572257772277, 0.0006511722269875175, 26292489011
15.0, 1025, 32, 142, 0.0014, 4, cheby, False, 2.6877533431493634e-07, 45, 2047725028, 0.009941019958535982, 0.0006512021136977353, 26886538087
15.0, 1025, 32, 153, 0.0013, 4, cheby, False, 2.896666128251009e-07, 42, 1546262057, 0.009940980913039183, 0.000651199387384449, 27880016621
15.0, 1025, 32, 166, 0.0012, 4, cheby, False, 3.149764833948131e-07, 43, 1589086202, 0.009940836438923456, 0.0006511898630553459, 29144483453
15.0, 1025, 32, 181, 0.0011, 4, cheby, False, 3.4284466364628915e-07, 42, 1734889483, 0.009940924177131633, 0.0006511959006555434, 30665087185
15.0, 1025, 32, 200, 0.001, 4, cheby, False, 3.819240800095406e-07, 43, 2381518544, 0.009940417160996678, 0.0006511618887651283, 33005230947
15.0, 1025, 32, 66, 0.003, 4, cheby, False, 1.2542309347487628e-07, 54, 1253495051, 0.009941025647746399, 0.0006512024653767545, 20960572126
15.0, 1025, 32, 68, 0.0029, 4, cheby, False, 1.2811142880582839e-07, 51, 795853777, 0.00994153465098821, 0.0006512363323859516, 20701252811
15.0, 1025, 32, 71, 0.0028, 4, cheby, False, 1.3578984685133958e-07, 52, 1042234922, 0.0099406031236252, 0.0006511742980660484, 21145454828
15.0, 1025, 32, 74, 0.0027, 4, cheby, False, 1.42815878257354e-07, 53, 1913220503, 0.009940026772727083, 0.0006511359861709476, 22162254671
15.0, 1025, 32, 76, 0.0026, 4, cheby, False, 1.4343043100724677e-07, 51, 1421680098, 0.009941377322152542, 0.0006512261657611873, 21794105708
15.0, 1025, 32, 80, 0.0025, 4, cheby, False, 1.5447022752282662e-07, 51, 1543341642, 0.009939957558130645, 0.0006511317797598393, 22129843036
15.0, 1025, 32, 83, 0.0024, 4, cheby, False, 1.588945659805514e-07, 49, 982852031, 0.009940478739243796, 0.0006511660835628597, 21707867851
15.0, 1025, 32, 86, 0.0023, 4, cheby, False, 1.6226145390285978e-07, 47, 1158796206, 0.009941355795025824, 0.000651223983053395, 22558527687
15.0, 1025, 32, 90, 0.0022, 4, cheby, False, 1.700180731064076e-07, 47, 1129336359, 0.009941287679706692, 0.0006512197003762932, 22661428589
15.0, 1025, 32, 95, 0.0021, 4, cheby, False, 1.8199974921678888e-07, 47, 1126364601, 0.009940380301859059, 0.0006511585604036529, 22949168309
